   2175.12   2021.40   1954.99   1351.78    751.82    724.93   1047.81   1179.48   1375.01   1430.42   2671.05   3346.14   2900.90   1572.54   1083.91    699.18    530.26    856.65    759.26   1178.04    579.74    563.98    915.09   1435.97   1212.77   2566.46   2646.52   1524.13   1010.01    853.25    783.01    774.86    736.29    758.45    937.81   1426.94
      0.00      0.00      0.00      0.00      0.00      0.00     17.62     28.54     51.68     31.53      0.00    338.67    249.59    241.98    118.03     30.31     66.19     87.58     87.59    729.53    615.40     93.26   1134.39    632.61    939.79   2477.81   1799.40   1029.59     43.44    117.02     60.24     50.82     70.22      1.78      0.00      0.00
      0.00      0.00      0.00    118.09    161.74    191.35   2379.71   2713.90    913.11     46.28    380.33   2485.30   1785.47      0.00      0.00      0.00     77.15    136.32     93.50    335.69   2753.60   2428.62   2512.90   2171.19   1503.03    462.85    178.30     71.63     44.30      0.00      0.00      0.00      0.00      0.00      0.00      0.00
      0.00      0.00      0.00     56.54    717.87    640.63   3983.29   3236.46   2948.03   2651.29   3758.00   3931.24   2398.37    154.66      0.00      0.00      0.00     51.64     44.36    126.82   1272.26   3619.53   2925.55   3207.27   1911.26    112.48     35.19     40.30     45.27      0.00      0.00      0.00      0.00      0.00      0.00      0.00
      0.00      0.00      0.00    495.62   1314.74   3221.12   5329.43   5315.30   5450.09   5161.52   5012.30   4442.61   3544.93   1860.97      0.00      0.00      0.00     38.54      0.00    133.93    183.19   2597.22   4046.03   3528.97   3846.01    886.03     21.83      0.00      0.00      5.68     10.94     17.57      0.00      0.00      0.00      0.00
      0.00      0.00      0.00   2118.29   2005.47   5300.45   5488.23   5528.84   5737.04   5508.70   5278.49   4709.92   3852.48   2390.05      0.00      0.00      0.00      0.00     44.19    616.27   1883.18   3744.73   3797.29   3150.21   4434.70   2632.03   1370.51    202.68    679.37   1372.75    182.57     96.45      0.00      0.00      0.00      0.00
      0.00     11.66    419.24   2324.73   4357.96   5580.60   5276.71   5253.74   5645.53   5506.65   5330.11   5005.41   4494.66   3327.33      0.00      0.00      0.00      0.00   1149.98   3656.86   5123.40   4764.98   3487.91   3074.75   4784.55   1031.35   1805.93   1459.70    345.51   1081.12    506.55    286.87      0.00      0.00      0.00      0.00
      0.00      3.82     67.37    980.81   5142.81   5380.10   5254.58   4341.86   5033.00   5779.32   5671.26   5376.71   5105.56   3944.41    717.50      0.00      0.00      0.00   2864.51   4935.78   5144.09   4580.54   2883.78   3976.62   4202.49   1386.12   1782.73   1663.73   1812.73   1370.99     25.90    476.40      0.00      0.00      0.00      0.00
      0.00      0.00    134.92   2826.89   5500.22   5120.95   5871.18   4949.43   5293.29   5575.71   5618.15   5325.64   4703.03   4154.99   1534.96      0.00      0.00     24.29   3307.22   4869.81   5388.84   4073.01   3685.62   4657.06   3649.75   1138.21      0.00    949.92   1871.90   1113.97      0.00      0.00      0.00      0.00      0.00      0.00
      0.00      0.00    532.91   4120.07   5091.93   5862.98   5822.72   5527.47   4803.79   4993.60   5528.19   5005.66   4548.29   4319.28   2297.93     76.57    544.61    926.58   3576.50   5353.15   5589.65   3893.69   4783.29   4962.87   2660.98      0.00      0.00    124.90     45.82    578.96     23.11     36.75      0.00      0.00      0.00      0.00
      0.00     75.89   2826.14   4437.40   4463.78   5416.40   5689.85   5722.67   4787.89   4127.51   4948.65   5145.86   4765.92   4305.69   3035.21   1285.49   2578.13   1605.38   3077.47   5684.87   5603.97   4104.03   5489.08   5077.07   2241.85      0.00      0.00      0.00      0.00    705.48      0.00    600.79   1904.48      0.00      0.00      0.00
     26.00    909.13   4720.40   5236.13   4247.60   5172.48   5118.36   4294.38   4914.54   4571.31   4377.95   5427.82   5062.38   4364.60   3652.10   2377.59   1675.76   1991.68   2075.02   5465.88   5225.32   4124.87   5232.14   4713.76   1994.63      0.00      0.00      0.00      0.00    635.35     48.38   1120.76   2488.15     32.95    496.06    394.52
    114.59   2504.46   4105.26   5299.31   4211.77   5293.47   5093.94   4184.36   4377.60   5176.23   4982.34   5402.45   5170.40   4379.58   3616.70   3084.76    584.35   2758.30   2301.21   3212.87   5164.78   4157.18   5162.78   3863.20   2178.70      0.00      0.00      0.00      0.00    425.22    302.72   2525.08   3490.89    853.68   1988.69   1588.12
    206.00   3136.09   3477.97   5089.54   4420.75   5644.15   4957.56   5157.82   5277.74   5227.25   5534.55   5235.24   4900.42   4521.43   3912.73   3461.80   3033.37    628.81   3311.79   3389.47   4741.03   4097.85   5503.54   4449.18   2655.47      0.00      0.00      0.00      0.00     35.20    733.59   2910.07   4008.31   1670.38   2755.39   1284.41
    124.79   2340.59   2734.76   5010.55   4897.50   5558.80   4218.42   5360.43   5357.22   4905.01   5175.22   5180.73   4916.15   4620.37   4036.96   3367.34   3882.45   2045.32   2355.35   1373.92   3992.36   4357.66   5203.78   5211.49   2328.75      0.00      0.00      0.00      0.00      0.00   1122.45   3142.92   4347.04   2006.71   3184.40   1705.26
    128.47   1536.11   3279.57   4268.70   2910.37   4374.10   4500.80   5002.28   5519.92   4623.66   4908.21   5074.38   4787.50   4451.25   3982.91   3452.48   3624.99   2308.98   1187.40     22.24   2132.24   4421.49   4241.73   4451.48   3224.09      0.00     96.94      0.00      0.00      0.00    768.13   4025.12   4311.52   2169.88   3340.68   1754.42
     82.31    795.35   3861.72   4382.99   3767.79   3726.11   4385.35   4968.73   5367.81   4749.51   4554.94   4815.32   4445.45   4367.06   4073.02   3569.84   3386.58   2565.01   2352.09      0.00    605.82   3556.94   3893.43   3954.60   4420.16   2465.33   1954.20      0.00      0.00      0.00   1931.25   4637.49   3677.44   2915.77   3917.01   1788.07
     38.65   1367.97   2232.30   3924.92   4031.92   3354.96   4148.17   4701.97   5345.45   5151.07   4278.33   4475.78   4352.80   4486.48   3972.01   3524.57   2842.18   2745.88   1323.64      0.00      8.64   2508.48   3924.08   3911.04   4672.94   4936.77   3312.64      0.00      0.00      0.00   3323.64   4819.22   3720.42   3578.60   4252.30   3143.55
     86.93    846.29   1678.28   1333.35   2385.43   2638.35   3893.47   4632.54   5326.76   5307.60   4762.62   4477.11   4395.28   4502.21   4143.38   3577.08   3163.00   2292.10      0.00      0.00      0.00   1345.94   3948.19   4537.24   3940.37   4753.44   3522.80     55.96      0.00      0.00   3663.98   4588.56   3903.75   4237.82   4500.21   4032.11
   1137.12    222.66   2588.04   1548.67   1352.16   2033.34   2924.21   4805.16   5455.57   4814.49   4981.60   4601.74   4546.10   4441.82   4134.33   3479.23   3772.80   3504.08      0.00      0.00      0.00      0.00   3459.11   5292.67   3835.83   4356.51   4336.91   1038.49      0.00    306.07   3951.17   3293.57   3765.22   4240.14   4729.69   4895.51
   3956.14   1043.98   2182.52    418.43   1366.62   2710.98   3229.70   4989.31   5046.07   4244.41   5094.96   4600.57   4350.49   4399.57   3952.57   3662.33   3979.55   4019.29    322.77      0.00      0.00      0.00   4071.05   5389.60   3634.51   4357.44   4924.20   2036.64      0.00    257.29   3675.11   3323.63   3466.46   4241.57   4867.49   5169.97
   4981.07   4226.21    835.28     57.58   1435.81   2599.70   3289.45   3566.57   3933.97   4165.82   5125.21   4638.00   4009.94   3921.33   3518.24   3879.01   3923.16   4426.51   2825.28      0.00      0.00      0.00   3943.06   5328.39   3684.04   4541.30   5250.42   2350.12      0.00    203.27   2789.31   3936.48   2912.73   4767.41   4774.70   5080.15
   5348.47   5054.16    511.32     41.82   1573.98   3546.00   3182.42   2844.11   3089.80   4993.49   4759.20   3374.24   4087.16   3807.60   3297.23   3811.87   3815.30   4583.38   3461.97      0.00      0.00      0.00   4136.02   5186.97   3642.43   4416.20   5196.74   2691.90      0.00    138.17   2244.20   3936.18   3045.05   4912.23   4328.67   5202.22
   5716.03   2521.63    110.12     13.42    629.78   2296.02   3306.66   2369.11   2927.42   5059.28   4322.70   3344.44   3738.40   3789.10   3328.24   3896.08   4170.71   4432.86   3756.51      0.00      0.00      0.00   3501.51   5134.74   3608.59   4591.45   5169.09   1725.95      0.00   1077.64   1767.07   3916.95   3258.74   4657.05   4602.44   5405.31
   4970.14   1882.24     18.96      0.00     68.52   1425.30   2227.94   3189.87   3598.07   5116.02   4506.96   4369.63   3633.50   3790.14   3375.94   3926.57   4058.75   3927.70   4302.00      0.00      0.00    233.09   3660.63   5243.03   4003.84   4784.42   4467.59   1498.69      0.00   1976.39   2352.71   4244.63   3398.88   4319.99   4316.95   5294.34
   4657.66   1629.37      0.00      0.00      0.00   2341.41   2139.24   4040.57   4026.83   5364.50   4773.11   4306.28   3943.87   3411.66   3135.13   3536.36   3485.86   3554.77   4149.77      0.00      0.00   1325.41   4386.23   5126.39   3893.12   4778.93   4189.15   2514.68      0.00   2320.18   3077.34   4894.60   4140.04   3883.01   4132.50   5145.40
   4981.43   3025.34      0.00      7.43      0.00   3175.50   2322.56   3504.47   4294.08   5367.36   5034.49   4069.79   4160.96   3754.45   3128.01   3120.06   3509.29   3748.12   3910.54      0.00      9.17   2421.13   4032.28   4714.25   3684.60   4379.84   4462.11   2648.79      0.00   2785.55   3466.15   5043.69   4176.37   3642.43   3876.10   3785.46
   4771.29   3542.12    339.54    156.82      0.00   3499.60   2045.76   3040.05   5110.17   5366.77   5139.63   4839.76   4259.35   3682.71   3120.52   3369.19   3610.71   3763.69   3729.10      0.00    140.80   3390.31   3362.88   4162.60   3493.39   3968.07   4543.57   2913.37   1496.33   3473.42   3342.70   4262.58   4623.41   3663.09   3355.26   3340.82
   4998.01   3999.55   4321.41   2597.19      0.00   4310.32   2132.30   1628.89   5277.21   5133.47   5362.77   5132.71   4532.78   3997.85   3310.35   3438.67   3514.22   3886.68   3579.45      0.00   1429.44   4734.54   4514.12   4014.65   3429.11   3932.98   5017.36   4127.82   2946.31   4387.84   3642.32   3992.05   4596.38   3645.68   3677.18   4255.92
   4425.42   4725.50   5142.29   5186.71   1628.45   4615.05   2937.39   1187.07   4100.27   4818.53   5015.63   5412.56   5041.10   4418.45   3424.44   3775.10   3662.37   3789.25   3423.15     49.01   2685.20   5193.32   4912.97   4065.21   3158.14   3919.74   4953.72   4698.50   4095.57   4586.59   3089.36   4345.82   4687.24   3487.82   3316.14   3756.94
   3854.65   4298.54   4647.07   4656.37   3635.90   4596.65   3890.03   1222.94   2560.54   4951.79   4931.90   5268.36   5077.14   4374.04   3299.71   3624.27   4153.10   3586.17   2602.06     86.27   4391.08   5238.60   5159.00   4367.49   3366.94   3788.59   4268.27   4728.28   4973.34   3763.54   2485.25   3920.46   4384.10   3544.59   3274.95   3230.88
   3296.07   3710.68   3962.35   3626.82   3668.69   4471.35   2571.49   1375.29   4611.11   5150.55   4810.91   4668.01   4691.53   3961.33   3111.06   3889.16   4467.32   4195.88   2825.50    131.81   3117.28   4701.32   5088.14   4367.73   3570.88   3341.34   3729.30   4325.65   4778.19   4089.73   3757.95   4102.45   2399.63   2412.85   3839.36   3416.80
   3763.01   3996.79   4296.13   3665.33   3416.18   4042.03   2870.25   3853.78   5218.04   4824.25   4210.63   3707.30   3629.46   3583.01   3390.91   4182.68   4776.42   4764.79   3177.50    973.53   2349.51   3157.17   3138.95   4428.88   4120.83   2836.82   3275.27   3856.44   4211.71   4792.66   3689.93   4435.85   4112.21   2039.96   4244.07   4017.59
   4298.67   4394.32   4520.27   4407.35   3739.53   3186.36   4079.49   4783.25   4440.76   4023.62   3280.62   3371.37   3975.25   4461.32   4816.59   4818.04   4858.91   4934.82   4481.80   3525.81   3083.36   2897.65   3077.29   3922.73   4388.44   4613.23   4991.58   5086.50   5200.52   5266.29   5210.94   5076.17   4288.34   2951.38   3427.30   4245.69
   1266.19   1423.64   1439.61   1425.84   1767.24   1957.56   2478.80   3129.60   3316.14   3473.54   3922.75   4155.86   4469.13   4369.65   4483.24   4562.01   4361.85   3824.11   2703.13    877.06   1452.26   3954.25   4570.17   4789.09   4801.21   4215.38   3549.79   3511.69   3965.75   3237.36   3126.46   3168.05   2438.19   2050.38   1713.30   1356.28
    427.68    504.66    268.98    288.57    573.77    413.19    556.44    782.35   1368.44   2143.10   2308.36   2011.59   1625.24   1168.65    800.20    839.91    644.61    628.64    663.05    668.31    679.66    997.38   1606.46   1632.01    708.89    406.82    323.74    423.70    282.20    238.35    119.26    128.33    476.63    326.41    123.12     91.35
