0.000	0.000	0.000	0.000	0.000	0.000	0.000	0.000	0.000	0.000	0.000	0.000	0.000	0.000	0.000	0.000	0.000	0.000	0.000	0.000	0    	0    	0    	0    	0.000	0.000	0.000	0.000	0.000	0.000	0.000	0.000	0.000	0.000	0.000	0.000
0    	0    	0    	0    	0    	0    	0    	0    	0    	0.111	0    	0    	0    	0    	0    	0    	0    	0    	0    	0.001	0.072	0    	0    	0.126	0.121	0.091	0.001	0.000	0    	0    	0    	0    	0    	0    	0    	0    
0    	0    	0    	0    	0    	0    	0.172	0.172	0.171	0.169	0.170	0.173	0    	0    	0    	0    	0    	0    	0    	0    	0.177	0.174	0.174	0.179	0.180	0.152	0    	0    	0    	0    	0    	0    	0    	0    	0    	0    
0    	0    	0    	0    	0.219	0.219	0.210	0.210	0.209	0.205	0.204	0.204	0.203	0    	0    	0    	0    	0    	0    	0    	0.224	0.211	0.211	0.214	0.222	0    	0    	0    	0    	0    	0    	0    	0    	0    	0    	0    
0    	0    	0    	0    	0.254	0.254	0.250	0.248	0.245	0.242	0.239	0.235	0.227	0.212	0    	0    	0    	0    	0    	0    	0.249	0.237	0.248	0.251	0.248	0.234	0    	0    	0    	0    	0    	0    	0    	0    	0    	0    
0    	0    	0    	0.298	0.298	0.292	0.286	0.281	0.278	0.274	0.269	0.262	0.250	0.228	0    	0    	0    	0    	0    	0.283	0.276	0.281	0.282	0.278	0.267	0.248	0    	0    	0    	0    	0    	0    	0    	0    	0    	0    
0    	0    	0    	0.324	0.314	0.310	0.308	0.304	0.299	0.294	0.287	0.278	0.262	0.234	0    	0    	0    	0    	0.313	0.311	0.308	0.303	0.295	0.287	0.270	0    	0.226	0.161	0    	0    	0    	0    	0    	0    	0    	0    
0    	0    	0    	0.337	0.306	0.292	0.295	0.298	0.298	0.293	0.286	0.278	0.261	0.243	0    	0    	0    	0    	0.331	0.319	0.305	0.296	0.284	0.277	0.266	0.253	0.228	0.165	0.152	0.152	0    	0    	0    	0    	0    	0    
0    	0    	0.352	0.311	0.265	0.237	0.250	0.263	0.271	0.268	0.260	0.257	0.245	0.221	0.178	0    	0    	0    	0.338	0.307	0.282	0.269	0.260	0.256	0.255	0    	0    	0.164	0.130	0    	0    	0    	0    	0    	0    	0    
0    	0    	0.366	0.287	0.212	0.181	0.199	0.220	0.229	0.226	0.217	0.223	0.218	0.203	0.176	0    	0.248	0.311	0.337	0.294	0.254	0.237	0.234	0.240	0.264	0    	0    	0    	0    	0    	0    	0    	0    	0    	0    	0    
0    	0    	0.359	0.253	0.187	0.156	0.173	0.188	0.194	0.193	0.190	0.198	0.197	0.192	0.179	0    	0.281	0.326	0.336	0.299	0.248	0.217	0.217	0.247	0.297	0    	0    	0    	0    	0    	0    	0.450	0.439	0    	0    	0    
0    	0.415	0.374	0.258	0.198	0.175	0.181	0.192	0.195	0.197	0.205	0.211	0.208	0.205	0.204	0    	0.329	0.359	0.358	0.324	0.280	0.228	0.220	0.271	0.339	0    	0    	0    	0    	0    	0    	0.456	0.458	0    	0    	0    
0    	0.436	0.390	0.276	0.232	0.218	0.223	0.233	0.235	0.241	0.250	0.258	0.252	0.241	0.246	0.333	0    	0.384	0.373	0.359	0.329	0.275	0.250	0.295	0.371	0    	0    	0    	0    	0    	0    	0.458	0.470	0    	0.384	0.431
0    	0.449	0.405	0.310	0.279	0.274	0.279	0.285	0.286	0.294	0.302	0.310	0.303	0.287	0.281	0.346	0.409	0    	0.393	0.392	0.372	0.329	0.292	0.315	0.388	0    	0    	0    	0    	0    	0    	0.463	0.476	0.432	0.416	0.456
0    	0.458	0.422	0.354	0.331	0.328	0.331	0.331	0.330	0.336	0.343	0.351	0.344	0.332	0.318	0.359	0.410	0.416	0    	0.405	0.397	0.372	0.335	0.336	0.395	0    	0    	0    	0    	0    	0    	0.473	0.481	0.447	0.441	0.469
0    	0.463	0.437	0.398	0.377	0.372	0.371	0.368	0.361	0.364	0.368	0.375	0.372	0.363	0.352	0.381	0.414	0.422	0    	0    	0.409	0.395	0.368	0.361	0.397	0    	0    	0    	0    	0    	0    	0.480	0.484	0.460	0.453	0.471
0    	0.462	0.441	0.423	0.413	0.404	0.400	0.393	0.382	0.379	0.381	0.388	0.387	0.382	0.376	0.388	0.413	0.424	0    	0    	0.414	0.402	0.383	0.366	0.390	0.397	0.423	0    	0    	0    	0.479	0.482	0.483	0.465	0.457	0.469
0    	0    	0.442	0.433	0.428	0.418	0.412	0.402	0.386	0.378	0.380	0.392	0.393	0.392	0.391	0.398	0.413	0.425	0    	0    	0    	0.401	0.383	0.359	0.381	0.395	0.424	0    	0    	0    	0.473	0.473	0.474	0.470	0.465	0.467
0    	0    	0.443	0.440	0.435	0.424	0.418	0.405	0.384	0.369	0.373	0.392	0.395	0.397	0.398	0.403	0.414	0.422	0    	0    	0    	0.396	0.377	0.354	0.380	0.398	0.425	0    	0    	0    	0.467	0.466	0.463	0.466	0.466	0.463
0.443	0    	0.438	0.443	0.438	0.427	0.420	0.406	0.377	0.350	0.357	0.386	0.393	0.398	0.401	0.405	0.413	0.422	0    	0    	0    	0    	0.374	0.352	0.381	0.402	0.424	0    	0    	0    	0.459	0.462	0.457	0.457	0.457	0.457
0.441	0    	0.426	0.441	0.439	0.428	0.417	0.398	0.360	0.312	0.323	0.364	0.380	0.392	0.397	0.403	0.410	0.421	0    	0    	0    	0    	0.354	0.330	0.366	0.392	0.416	0    	0    	0    	0.450	0.457	0.455	0.453	0.453	0.455
0.435	0.384	0    	0    	0.432	0.424	0.406	0.375	0.333	0.269	0.284	0.326	0.348	0.367	0.378	0.387	0.394	0.408	0    	0    	0    	0    	0.335	0.287	0.323	0.362	0.391	0    	0    	0    	0.442	0.449	0.449	0.448	0.449	0.454
0.414	0.366	0    	0    	0.419	0.416	0.385	0.333	0.282	0.229	0.248	0.280	0.300	0.322	0.336	0.343	0.352	0.371	0    	0    	0    	0    	0.325	0.247	0.271	0.316	0.352	0    	0    	0    	0.434	0.438	0.439	0.440	0.442	0.443
0.378	0.342	0    	0    	0.415	0.403	0.359	0.288	0.226	0.198	0.209	0.229	0.242	0.260	0.268	0.269	0.284	0.308	0.273	0    	0    	0    	0.326	0.217	0.233	0.273	0.317	0    	0    	0    	0.426	0.421	0.422	0.422	0.421	0.415
0.340	0.327	0    	0    	0    	0.391	0.332	0.249	0.186	0.163	0.173	0.180	0.187	0.198	0.198	0.204	0.223	0.251	0.256	0    	0    	0    	0.326	0.204	0.224	0.260	0.311	0    	0    	0.415	0.416	0.402	0.398	0.392	0.383	0.373
0.317	0.313	0    	0    	0    	0.384	0.310	0.226	0.168	0.148	0.148	0.148	0.151	0.160	0.170	0.185	0.204	0.226	0.275	0    	0    	0.371	0.323	0.205	0.235	0.266	0.321	0.364	0    	0.403	0.401	0.379	0.369	0.356	0.349	0.342
0.315	0.305	0    	0    	0    	0.376	0.306	0.238	0.195	0.167	0.151	0.150	0.155	0.168	0.187	0.203	0.217	0.228	0.280	0    	0    	0.359	0.304	0.242	0.259	0.272	0.309	0.349	0    	0.386	0.381	0.354	0.340	0.337	0.340	0.336
0.322	0.302	0.312	0    	0    	0.370	0.319	0.283	0.258	0.218	0.199	0.199	0.205	0.215	0.231	0.242	0.246	0.242	0.274	0    	0    	0.349	0.312	0.296	0.293	0.289	0.297	0.332	0    	0.372	0.361	0.340	0.334	0.339	0.341	0.337
0.322	0.311	0.301	0.283	0    	0.358	0.332	0.317	0.297	0.267	0.260	0.262	0.265	0.269	0.273	0.277	0.274	0.260	0.252	0    	0.314	0.332	0.321	0.314	0.307	0.299	0.294	0.308	0.323	0.355	0.348	0.343	0.339	0.337	0.333	0.329
0.306	0.305	0.299	0.289	0.310	0.336	0.327	0.316	0.304	0.297	0.296	0.294	0.294	0.292	0.290	0.289	0.284	0.271	0.251	0    	0.298	0.303	0.300	0.297	0.294	0.290	0.286	0.288	0.301	0.325	0.326	0.322	0.322	0.318	0.312	0.308
0.278	0.282	0.283	0.283	0.289	0.306	0.307	0.304	0.299	0.296	0.294	0.291	0.288	0.285	0.283	0.279	0.275	0.268	0.252	0    	0.268	0.267	0.265	0.264	0.264	0.264	0.263	0.264	0.270	0.280	0.283	0.277	0.285	0.282	0.280	0.277
0.243	0.247	0.252	0.256	0.260	0.268	0.273	0.272	0.266	0.263	0.263	0.262	0.260	0.258	0.256	0.253	0.252	0.250	0.245	0    	0.240	0.235	0.231	0.229	0.227	0.229	0.230	0.230	0.233	0.233	0.236	0.234	0.246	0.243	0.241	0.240
0.199	0.202	0.207	0.210	0.214	0.218	0.220	0.219	0.216	0.219	0.221	0.221	0.220	0.218	0.216	0.216	0.210	0.214	0.225	0.223	0.218	0.209	0.201	0.195	0.193	0.192	0.193	0.186	0.187	0.187	0.189	0.189	0.198	0.198	0.197	0.198
0.168	0.169	0.172	0.171	0.175	0.178	0.180	0.180	0.178	0.176	0.174	0.173	0.171	0.170	0.170	0.171	0.174	0.173	0.175	0.178	0.178	0.174	0.170	0.166	0.163	0.161	0.161	0.156	0.157	0.158	0.158	0.159	0.162	0.163	0.162	0.168
0    	0.143	0.143	0.142	0.141	0.145	0.147	0.147	0.147	0.146	0.145	0.144	0.144	0.143	0.143	0.143	0.144	0.144	0.144	0.145	0.145	0.143	0.140	0.138	0.133	0.134	0.133	0.133	0.133	0.131	0.134	0.136	0.136	0.138	0.140	0    
0    	0    	0    	0    	0    	0    	0    	0    	0    	0    	0    	0    	0    	0    	0    	0    	0    	0    	0    	0    	0    	0    	0    	0    	0    	0    	0    	0    	0    	0    	0    	0    	0    	0    	0    	0    
