0.031	0.031	0.031	0.031	0.033	0.035	0.036	0.037	0.037	0.037	0.036	0.036	0.036	0.037	0.037	0.038	0.039	0.040	0.040	0.040	0    	0    	0    	0    	0.032	0.036	0.040	0.043	0.040	0.037	0.037	0.035	0.033	0.032	0.032	0.031
0    	0    	0    	0    	0    	0    	0    	0    	0    	0.075	0    	0    	0    	0    	0    	0    	0    	0    	0    	0.044	0.058	0    	0    	0.047	0.062	0.045	0.047	0.041	0    	0    	0    	0    	0    	0    	0    	0    
0    	0    	0    	0    	0    	0    	0.166	0.169	0.167	0.145	0.091	0.096	0    	0    	0    	0    	0    	0    	0    	0    	0.203	0.200	0.171	0.059	0.054	0.033	0    	0    	0    	0    	0    	0    	0    	0    	0    	0    
0    	0    	0    	0    	0.208	0.233	0.205	0.206	0.214	0.229	0.206	0.188	0.130	0    	0    	0    	0    	0    	0    	0    	0.253	0.240	0.229	0.199	0.075	0    	0    	0    	0    	0    	0    	0    	0    	0    	0    	0    
0    	0    	0    	0    	0.249	0.266	0.252	0.241	0.243	0.247	0.241	0.224	0.184	0.122	0    	0    	0    	0    	0    	0    	0.251	0.254	0.253	0.238	0.199	0.160	0    	0    	0    	0    	0    	0    	0    	0    	0    	0    
0    	0    	0    	0.271	0.261	0.265	0.266	0.263	0.259	0.253	0.245	0.230	0.197	0.131	0    	0    	0    	0    	0    	0.252	0.242	0.248	0.244	0.231	0.200	0.137	0    	0    	0    	0    	0    	0    	0    	0    	0    	0    
0    	0    	0    	0.219	0.222	0.239	0.253	0.254	0.251	0.241	0.226	0.208	0.182	0.114	0    	0    	0    	0    	0.223	0.218	0.220	0.211	0.199	0.187	0.160	0    	0.102	0.063	0    	0    	0    	0    	0    	0    	0    	0    
0    	0    	0    	0.172	0.154	0.174	0.193	0.203	0.207	0.197	0.185	0.168	0.158	0.141	0    	0    	0    	0    	0.175	0.161	0.156	0.144	0.136	0.133	0.133	0.104	0.085	0.055	0.042	0.049	0    	0    	0    	0    	0    	0    
0    	0    	0.126	0.098	0.083	0.098	0.114	0.129	0.141	0.135	0.121	0.114	0.123	0.114	0.113	0    	0    	0    	0.100	0.095	0.084	0.077	0.084	0.104	0.103	0    	0    	0.034	0.028	0    	0    	0    	0    	0    	0    	0    
0    	0    	0.145	0.072	0.059	0.052	0.063	0.078	0.089	0.084	0.077	0.083	0.092	0.099	0.124	0    	0.042	0.068	0.086	0.078	0.066	0.063	0.073	0.091	0.083	0    	0    	0    	0    	0    	0    	0    	0    	0    	0    	0    
0    	0    	0.062	0.075	0.068	0.062	0.064	0.074	0.087	0.091	0.101	0.100	0.079	0.079	0.091	0    	0.066	0.098	0.107	0.091	0.075	0.071	0.080	0.087	0.107	0    	0    	0    	0    	0    	0    	0.220	0.199	0    	0    	0    
0    	0.067	0.067	0.067	0.073	0.079	0.087	0.099	0.105	0.105	0.112	0.109	0.091	0.074	0.075	0    	0.068	0.088	0.107	0.096	0.088	0.078	0.080	0.100	0.160	0    	0    	0    	0    	0    	0    	0.235	0.199	0    	0    	0    
0    	0.075	0.072	0.073	0.081	0.092	0.105	0.119	0.129	0.135	0.135	0.130	0.115	0.091	0.092	0.176	0    	0.117	0.112	0.116	0.109	0.104	0.100	0.122	0.215	0    	0    	0    	0    	0    	0    	0.295	0.240	0    	0.183	0.164
0    	0.100	0.081	0.083	0.091	0.106	0.123	0.141	0.155	0.165	0.167	0.165	0.153	0.129	0.115	0.156	0.344	0    	0.145	0.151	0.135	0.134	0.130	0.141	0.266	0    	0    	0    	0    	0    	0    	0.335	0.252	0.150	0.186	0.221
0    	0.094	0.101	0.093	0.102	0.119	0.141	0.164	0.184	0.199	0.205	0.208	0.199	0.184	0.157	0.180	0.277	0.286	0    	0.187	0.170	0.169	0.170	0.164	0.314	0    	0    	0    	0    	0    	0    	0.289	0.216	0.165	0.208	0.364
0    	0.101	0.145	0.107	0.115	0.134	0.160	0.192	0.218	0.241	0.249	0.253	0.251	0.234	0.204	0.243	0.390	0.400	0    	0    	0.184	0.201	0.206	0.202	0.354	0    	0    	0    	0    	0    	0    	0.228	0.180	0.225	0.239	0.295
0    	0.147	0.198	0.137	0.143	0.147	0.165	0.196	0.230	0.263	0.275	0.286	0.291	0.284	0.269	0.253	0.292	0.325	0    	0    	0.168	0.195	0.237	0.218	0.225	0.199	0.246	0    	0    	0    	0.114	0.171	0.150	0.166	0.158	0.295
0    	0    	0.183	0.122	0.183	0.163	0.163	0.173	0.203	0.240	0.254	0.280	0.281	0.297	0.311	0.315	0.315	0.352	0    	0    	0    	0.177	0.206	0.206	0.187	0.187	0.366	0    	0    	0    	0.155	0.233	0.204	0.169	0.160	0.267
0    	0    	0.170	0.178	0.164	0.203	0.201	0.179	0.189	0.238	0.255	0.284	0.281	0.297	0.311	0.348	0.387	0.457	0    	0    	0    	0.163	0.208	0.240	0.255	0.270	0.380	0    	0    	0    	0.130	0.213	0.268	0.246	0.245	0.272
0.369	0    	0.127	0.197	0.137	0.210	0.227	0.207	0.196	0.240	0.269	0.302	0.311	0.332	0.351	0.378	0.414	0.461	0    	0    	0    	0    	0.225	0.298	0.344	0.368	0.332	0    	0    	0    	0.104	0.182	0.247	0.284	0.338	0.353
0.333	0    	0.092	0.134	0.113	0.177	0.193	0.181	0.164	0.186	0.211	0.250	0.275	0.309	0.337	0.362	0.378	0.408	0    	0    	0    	0    	0.200	0.281	0.340	0.350	0.302	0    	0    	0    	0.118	0.178	0.223	0.268	0.318	0.344
0.261	0.200	0    	0    	0.089	0.154	0.165	0.155	0.147	0.149	0.168	0.199	0.224	0.255	0.281	0.300	0.301	0.311	0    	0    	0    	0    	0.163	0.217	0.256	0.272	0.293	0    	0    	0    	0.124	0.172	0.205	0.249	0.292	0.296
0.197	0.231	0    	0    	0.081	0.135	0.137	0.121	0.119	0.123	0.137	0.164	0.186	0.210	0.230	0.234	0.210	0.196	0    	0    	0    	0    	0.136	0.169	0.188	0.210	0.280	0    	0    	0    	0.115	0.148	0.190	0.220	0.244	0.237
0.142	0.217	0    	0    	0.093	0.113	0.112	0.097	0.095	0.101	0.114	0.134	0.149	0.168	0.177	0.166	0.146	0.163	0.216	0    	0    	0    	0.117	0.135	0.140	0.165	0.262	0    	0    	0    	0.139	0.135	0.166	0.187	0.197	0.179
0.131	0.208	0    	0    	0    	0.095	0.092	0.078	0.077	0.082	0.093	0.108	0.115	0.128	0.120	0.114	0.117	0.121	0.172	0    	0    	0    	0.104	0.109	0.113	0.131	0.217	0    	0    	0.136	0.154	0.123	0.146	0.159	0.157	0.137
0.140	0.191	0    	0    	0    	0.087	0.089	0.077	0.072	0.073	0.081	0.087	0.089	0.091	0.088	0.094	0.102	0.124	0.191	0    	0    	0.214	0.090	0.090	0.090	0.118	0.192	0.288	0    	0.119	0.142	0.120	0.132	0.135	0.133	0.135
0.158	0.180	0    	0    	0    	0.085	0.106	0.091	0.076	0.070	0.069	0.073	0.068	0.071	0.072	0.073	0.089	0.128	0.176	0    	0    	0.139	0.075	0.066	0.084	0.117	0.172	0.257	0    	0.125	0.133	0.111	0.113	0.124	0.135	0.143
0.186	0.172	0.102	0    	0    	0.110	0.116	0.122	0.105	0.093	0.086	0.067	0.065	0.075	0.092	0.107	0.120	0.141	0.168	0    	0    	0.141	0.091	0.115	0.135	0.145	0.174	0.248	0    	0.115	0.122	0.096	0.117	0.153	0.182	0.186
0.230	0.200	0.163	0.115	0    	0.193	0.165	0.174	0.150	0.123	0.130	0.129	0.136	0.149	0.158	0.170	0.177	0.175	0.122	0    	0.254	0.169	0.186	0.202	0.202	0.202	0.202	0.219	0.249	0.140	0.127	0.173	0.197	0.218	0.242	0.246
0.277	0.257	0.225	0.211	0.293	0.253	0.229	0.224	0.196	0.178	0.187	0.197	0.207	0.215	0.220	0.228	0.231	0.222	0.160	0    	0.261	0.263	0.264	0.262	0.256	0.255	0.246	0.243	0.271	0.212	0.234	0.263	0.267	0.279	0.290	0.290
0.305	0.293	0.276	0.266	0.292	0.288	0.262	0.258	0.270	0.275	0.271	0.261	0.263	0.267	0.269	0.273	0.274	0.264	0.205	0    	0.302	0.300	0.296	0.293	0.288	0.287	0.281	0.274	0.286	0.291	0.296	0.307	0.304	0.310	0.313	0.312
0.308	0.304	0.295	0.288	0.288	0.294	0.294	0.301	0.313	0.316	0.313	0.304	0.300	0.301	0.301	0.301	0.298	0.290	0.252	0    	0.306	0.304	0.298	0.295	0.292	0.291	0.289	0.288	0.292	0.297	0.301	0.304	0.306	0.308	0.311	0.311
0.291	0.292	0.292	0.290	0.288	0.289	0.293	0.298	0.302	0.304	0.304	0.303	0.303	0.302	0.301	0.300	0.299	0.294	0.283	0.284	0.288	0.289	0.283	0.278	0.274	0.271	0.270	0.271	0.273	0.276	0.278	0.281	0.284	0.286	0.289	0.290
0.245	0.245	0.246	0.248	0.249	0.252	0.252	0.253	0.252	0.252	0.253	0.253	0.253	0.253	0.253	0.253	0.254	0.254	0.254	0.253	0.253	0.251	0.210	0.173	0.152	0.154	0.159	0.169	0.190	0.218	0.188	0.239	0.240	0.240	0.241	0.244
0    	0.041	0.062	0.089	0.131	0.197	0.193	0.191	0.149	0.100	0.084	0.077	0.067	0.063	0.072	0.084	0.109	0.171	0.184	0.134	0.062	0.019	0.011	0.008	0.008	0.006	0.006	0.006	0.007	0.007	0.007	0.011	0.013	0.018	0.026	0    
0    	0    	0    	0    	0    	0    	0    	0    	0    	0    	0    	0    	0    	0    	0    	0    	0    	0    	0    	0    	0    	0    	0    	0    	0    	0    	0    	0    	0    	0    	0    	0    	0    	0    	0    	0    
